X1<- 23
x3 <- X1+3
